20.600000 0.714
20.900000 0.737
21.200001 0.753
21.400000 0.757
21.799999 0.754
22.000000 0.747
22.400000 0.725
22.700001 0.704
23.000000 0.681
23.299999 0.659
23.600000 0.639
24.000000 0.616
24.299999 0.601
24.700001 0.584
25.000000 0.574
25.400000 0.562
25.799999 0.553
26.200001 0.545
26.500000 0.539
26.900000 0.530
27.200001 0.521
27.600000 0.506
28.000000 0.490
28.500000 0.466
29.000000 0.442
29.500000 0.422
30.000000 0.410
30.400000 0.407
30.700001 0.407
31.100000 0.408
31.500000 0.407
32.000000 0.406
32.500000 0.408
33.000000 0.421
33.500000 0.439
34.000000 0.452
34.500000 0.452
35.000000 0.441
35.500000 0.426
36.000000 0.413
36.500000 0.403
37.000000 0.389
37.500000 0.368
38.200001 0.327
38.700001 0.296
39.500000 0.250
40.000000 0.222
40.599998 0.177
41.200001 0.120
41.799999 0.057
42.500000 -0.005
43.099998 -0.048
43.700001 -0.089
44.400002 -0.135
45.000000 -0.169
45.500000 -0.194
46.200001 -0.221
46.799999 -0.239
47.500000 -0.258
48.200001 -0.279
48.700001 -0.297
49.400002 -0.328
50.000000 -0.359
50.799999 -0.406
51.500000 -0.451
52.200001 -0.500
53.000000 -0.557
53.799999 -0.616
54.500000 -0.669
55.200001 -0.723
56.000000 -0.783
57.000000 -0.858
58.000000 -0.935
59.000000 -1.012
60.000000 -1.089
60.799999 -1.147
61.500000 -1.195
62.200001 -1.243
63.000000 -1.299
64.000000 -1.371
65.000000 -1.444
66.000000 -1.517
67.000000 -1.590
68.000000 -1.664
69.000000 -1.738
70.000000 -1.810
71.000000 -1.881
72.000000 -1.952
73.000000 -2.023
74.000000 -2.094
75.000000 -2.164
76.199997 -2.250
77.500000 -2.343
78.800003 -2.432
80.000000 -2.512
81.199997 -2.590
82.500000 -2.673
83.800003 -2.755
85.000000 -2.830
86.199997 -2.906
87.500000 -2.989
88.500000 -3.053
90.000000 -3.147
91.199997 -3.222
92.500000 -3.301
93.800003 -3.380
95.000000 -3.453
96.199997 -3.526
97.500000 -3.603
98.800003 -3.679
100.000000 -3.749
101.500000 -3.835
103.000000 -3.919
104.400002 -3.997
106.000000 -4.087
107.500000 -4.170
109.000000 -4.249
110.599998 -4.331
112.000000 -4.403
113.800003 -4.497
115.000000 -4.560
117.199997 -4.674
118.000000 -4.716
120.599998 -4.848
122.000000 -4.917
124.099998 -5.020
125.000000 -5.063
126.500000 -5.132
128.000000 -5.197
131.500000 -5.345
132.000000 -5.367
134.000000 -5.456
136.000000 -5.548
138.000000 -5.642
140.000000 -5.740
143.000000 -5.892
145.000000 -5.992
147.500000 -6.106
150.000000 -6.192
152.500000 -6.224
155.000000 -6.189
157.500000 -6.091
160.000000 -5.970
162.500000 -5.864
165.000000 -5.795
167.500000 -5.768
170.000000 -5.782
172.500000 -5.832
175.000000 -5.914
177.500000 -6.020
180.000000 -6.135
182.500000 -6.247
185.000000 -6.345
187.500000 -6.425
190.000000 -6.483
192.500000 -6.520
195.000000 -6.536
197.500000 -6.535
200.000000 -6.523
203.000000 -6.503
206.000000 -6.486
209.000000 -6.478
212.000000 -6.480
214.000000 -6.486
218.000000 -6.505
220.000000 -6.519
224.000000 -6.554
227.000000 -6.583
230.000000 -6.613
233.000000 -6.644
236.000000 -6.674
240.000000 -6.714
243.000000 -6.742
247.000000 -6.778
250.000000 -6.802
254.000000 -6.830
258.000000 -6.856
262.000000 -6.879
265.000000 -6.895
269.000000 -6.915
272.000000 -6.930
276.000000 -6.948
280.000000 -6.965
285.000000 -6.983
290.000000 -6.999
295.000000 -7.013
300.000000 -7.027
304.000000 -7.038
307.000000 -7.045
311.000000 -7.054
315.000000 -7.061
320.000000 -7.069
325.000000 -7.078
330.000000 -7.089
335.000000 -7.099
340.000000 -7.108
345.000000 -7.117
350.000000 -7.125
355.000000 -7.132
360.000000 -7.139
365.000000 -7.145
370.000000 -7.151
375.000000 -7.156
382.000000 -7.161
387.000000 -7.163
395.000000 -7.165
400.000000 -7.165
406.000000 -7.165
412.000000 -7.166
418.000000 -7.168
425.000000 -7.172
431.000000 -7.175
437.000000 -7.178
444.000000 -7.182
450.000000 -7.186
455.000000 -7.189
462.000000 -7.194
468.000000 -7.198
475.000000 -7.202
482.000000 -7.205
487.000000 -7.208
494.000000 -7.211
500.000000 -7.214
508.000000 -7.217
515.000000 -7.220
522.000000 -7.223
530.000000 -7.226
538.000000 -7.229
545.000000 -7.231
552.000000 -7.233
560.000000 -7.235
570.000000 -7.238
580.000000 -7.242
590.000000 -7.244
600.000000 -7.246
608.000000 -7.246
615.000000 -7.247
622.000000 -7.247
630.000000 -7.246
640.000000 -7.245
650.000000 -7.243
660.000000 -7.241
670.000000 -7.237
680.000000 -7.234
690.000000 -7.230
700.000000 -7.224
710.000000 -7.217
720.000000 -7.208
730.000000 -7.197
740.000000 -7.186
750.000000 -7.173
762.000000 -7.155
775.000000 -7.133
788.000000 -7.107
800.000000 -7.082
812.000000 -7.053
825.000000 -7.019
838.000000 -6.980
850.000000 -6.942
862.000000 -6.903
875.000000 -6.859
885.000000 -6.824
900.000000 -6.771
912.000000 -6.728
925.000000 -6.677
938.000000 -6.617
950.000000 -6.555
962.000000 -6.489
975.000000 -6.418
988.000000 -6.347
1000.000000 -6.282
1015.000000 -6.201
1030.000000 -6.121
1044.000000 -6.045
1060.000000 -5.959
1075.000000 -5.879
1090.000000 -5.801
1106.000000 -5.718
1120.000000 -5.647
1138.000000 -5.559
1150.000000 -5.502
1172.000000 -5.402
1180.000000 -5.368
1206.000000 -5.261
1220.000000 -5.206
1241.000000 -5.127
1250.000000 -5.095
1265.000000 -5.043
1280.000000 -4.995
1315.000000 -4.892
1320.000000 -4.879
1340.000000 -4.827
1360.000000 -4.778
1380.000000 -4.731
1400.000000 -4.685
1430.000000 -4.612
1450.000000 -4.558
1475.000000 -4.483
1500.000000 -4.401
1525.000000 -4.318
1550.000000 -4.237
1575.000000 -4.161
1600.000000 -4.087
1625.000000 -4.013
1650.000000 -3.937
1675.000000 -3.861
1700.000000 -3.792
1725.000000 -3.733
1750.000000 -3.686
1775.000000 -3.647
1800.000000 -3.611
1825.000000 -3.576
1850.000000 -3.540
1875.000000 -3.502
1900.000000 -3.462
1925.000000 -3.420
1950.000000 -3.376
1975.000000 -3.329
2000.000000 -3.280
2030.000000 -3.215
2060.000000 -3.145
2090.000000 -3.069
2120.000000 -2.988
2140.000000 -2.933
2180.000000 -2.818
2200.000000 -2.759
2240.000000 -2.637
2270.000000 -2.541
2300.000000 -2.442
2330.000000 -2.339
2360.000000 -2.235
2400.000000 -2.099
2430.000000 -2.003
2470.000000 -1.884
2500.000000 -1.803
2540.000000 -1.703
2580.000000 -1.612
2620.000000 -1.529
2650.000000 -1.471
2690.000000 -1.401
2720.000000 -1.354
2760.000000 -1.299
2800.000000 -1.252
2850.000000 -1.206
2900.000000 -1.176
2950.000000 -1.165
3000.000000 -1.171
3040.000000 -1.186
3070.000000 -1.202
3110.000000 -1.229
3150.000000 -1.260
3200.000000 -1.301
3250.000000 -1.341
3300.000000 -1.379
3350.000000 -1.418
3400.000000 -1.458
3450.000000 -1.504
3500.000000 -1.556
3550.000000 -1.616
3600.000000 -1.683
3650.000000 -1.759
3700.000000 -1.843
3750.000000 -1.933
3820.000000 -2.064
3870.000000 -2.158
3950.000000 -2.304
4000.000000 -2.389
4060.000000 -2.482
4120.000000 -2.563
4180.000000 -2.633
4250.000000 -2.703
4310.000000 -2.757
4370.000000 -2.810
4440.000000 -2.872
4500.000000 -2.926
4550.000000 -2.970
4620.000000 -3.030
4680.000000 -3.078
4750.000000 -3.128
4820.000000 -3.172
4870.000000 -3.200
4940.000000 -3.240
5000.000000 -3.278
5080.000000 -3.344
5150.000000 -3.417
5220.000000 -3.504
5300.000000 -3.615
5380.000000 -3.731
5450.000000 -3.830
5520.000000 -3.925
5600.000000 -4.028
5700.000000 -4.149
5800.000000 -4.266
5900.000000 -4.387
6000.000000 -4.520
6080.000000 -4.641
6150.000000 -4.765
6220.000000 -4.910
6300.000000 -5.109
6400.000000 -5.413
6500.000000 -5.768
6600.000000 -6.126
6700.000000 -6.418
6800.000000 -6.599
6900.000000 -6.668
7000.000000 -6.653
7100.000000 -6.584
7200.000000 -6.484
7300.000000 -6.377
7400.000000 -6.292
7500.000000 -6.270
7620.000000 -6.378
7750.000000 -6.750
7880.000000 -7.438
8000.000000 -8.205
8120.000000 -8.857
8250.000000 -9.128
8380.000000 -8.519
8500.000000 -7.469
8620.000000 -6.786
8750.000000 -6.451
8850.000000 -6.158
9000.000000 -5.716
9120.000000 -5.649
9250.000000 -5.829
9380.000000 -6.117
9500.000000 -6.412
9620.000000 -6.712
9750.000000 -7.033
9880.000000 -7.342
10000.000000 -7.614
10150.000000 -7.938
10300.000000 -8.239
10440.000000 -8.494
10600.000000 -8.755
10750.000000 -8.988
10900.000000 -9.244
11060.000000 -9.578
11200.000000 -9.942
11380.000000 -10.498
11500.000000 -10.900
11720.000000 -11.626
11800.000000 -11.870
12060.000000 -12.549
12200.000000 -12.840
12410.000000 -13.176
12500.000000 -13.283
12650.000000 -13.408
12800.000000 -13.466
13150.000000 -13.381
13200.000000 -13.355
13400.000000 -13.276
13600.000000 -13.329
13800.000000 -13.565
14000.000000 -13.862
14300.000000 -13.999
14500.000000 -13.667
14750.000000 -12.725
15000.000000 -11.510
15250.000000 -10.444
15500.000000 -9.970
15750.000000 -10.386
16000.000000 -11.649
16250.000000 -13.445
16500.000000 -14.745
16750.000000 -14.165
17000.000000 -11.965
17250.000000 -9.152
17500.000000 -6.458
17750.000000 -4.419
18000.000000 -3.434
18250.000000 -3.654
18500.000000 -4.880
18750.000000 -6.654
19000.000000 -8.483
19250.000000 -10.064
19500.000000 -11.383
19750.000000 -12.601
20000.000000 -13.850
20300.000000 -15.240
