20.600000 73.931
20.900000 73.939
21.200001 73.945
21.400000 73.947
21.799999 73.949
22.000000 73.951
22.400000 73.963
22.700001 73.977
23.000000 73.993
23.299999 74.006
23.600000 74.015
24.000000 74.021
24.299999 74.024
24.700001 74.035
25.000000 74.052
25.400000 74.082
25.799999 74.106
26.200001 74.111
26.500000 74.100
26.900000 74.075
27.200001 74.060
27.600000 74.057
28.000000 74.077
28.500000 74.116
29.000000 74.145
29.500000 74.152
30.000000 74.148
30.400000 74.148
30.700001 74.152
31.100000 74.162
31.500000 74.170
32.000000 74.176
32.500000 74.176
33.000000 74.173
33.500000 74.168
34.000000 74.163
34.500000 74.162
35.000000 74.164
35.500000 74.168
36.000000 74.171
36.500000 74.170
37.000000 74.165
37.500000 74.157
38.200001 74.146
38.700001 74.139
39.500000 74.130
40.000000 74.127
40.599998 74.128
41.200001 74.132
41.799999 74.133
42.500000 74.130
43.099998 74.126
43.700001 74.123
44.400002 74.115
45.000000 74.103
45.500000 74.094
46.200001 74.088
46.799999 74.090
47.500000 74.092
48.200001 74.091
48.700001 74.089
49.400002 74.088
50.000000 74.085
50.799999 74.079
51.500000 74.075
52.200001 74.073
53.000000 74.066
53.799999 74.053
54.500000 74.039
55.200001 74.025
56.000000 74.012
57.000000 74.003
58.000000 73.995
59.000000 73.981
60.000000 73.969
60.799999 73.961
61.500000 73.952
62.200001 73.942
63.000000 73.931
64.000000 73.916
65.000000 73.898
66.000000 73.881
67.000000 73.866
68.000000 73.848
69.000000 73.825
70.000000 73.804
71.000000 73.788
72.000000 73.771
73.000000 73.751
74.000000 73.734
75.000000 73.721
76.199997 73.706
77.500000 73.685
78.800003 73.662
80.000000 73.640
81.199997 73.616
82.500000 73.590
83.800003 73.566
85.000000 73.548
86.199997 73.530
87.500000 73.505
88.500000 73.482
90.000000 73.445
91.199997 73.414
92.500000 73.380
93.800003 73.347
95.000000 73.317
96.199997 73.289
97.500000 73.260
98.800003 73.232
100.000000 73.208
101.500000 73.177
103.000000 73.148
104.400002 73.119
106.000000 73.081
107.500000 73.046
109.000000 73.015
110.599998 72.985
112.000000 72.957
113.800003 72.918
115.000000 72.889
117.199997 72.834
118.000000 72.814
120.599998 72.744
122.000000 72.708
124.099998 72.657
125.000000 72.637
126.500000 72.604
128.000000 72.567
131.500000 72.475
132.000000 72.463
134.000000 72.420
136.000000 72.389
138.000000 72.374
140.000000 72.374
143.000000 72.395
145.000000 72.412
147.500000 72.424
150.000000 72.421
152.500000 72.412
155.000000 72.405
157.500000 72.405
160.000000 72.400
162.500000 72.379
165.000000 72.339
167.500000 72.282
170.000000 72.216
172.500000 72.146
175.000000 72.077
177.500000 72.012
180.000000 71.956
182.500000 71.916
185.000000 71.890
187.500000 71.874
190.000000 71.864
192.500000 71.855
195.000000 71.846
197.500000 71.833
200.000000 71.817
203.000000 71.794
206.000000 71.766
209.000000 71.732
212.000000 71.695
214.000000 71.671
218.000000 71.624
220.000000 71.600
224.000000 71.553
227.000000 71.520
230.000000 71.489
233.000000 71.462
236.000000 71.439
240.000000 71.409
243.000000 71.386
247.000000 71.359
250.000000 71.344
254.000000 71.328
258.000000 71.309
262.000000 71.285
265.000000 71.269
269.000000 71.248
272.000000 71.231
276.000000 71.205
280.000000 71.178
285.000000 71.146
290.000000 71.115
295.000000 71.087
300.000000 71.060
304.000000 71.039
307.000000 71.024
311.000000 71.004
315.000000 70.985
320.000000 70.961
325.000000 70.938
330.000000 70.917
335.000000 70.898
340.000000 70.882
345.000000 70.865
350.000000 70.845
355.000000 70.827
360.000000 70.812
365.000000 70.798
370.000000 70.784
375.000000 70.768
382.000000 70.749
387.000000 70.734
395.000000 70.709
400.000000 70.697
406.000000 70.685
412.000000 70.675
418.000000 70.663
425.000000 70.649
431.000000 70.638
437.000000 70.629
444.000000 70.619
450.000000 70.611
455.000000 70.604
462.000000 70.594
468.000000 70.587
475.000000 70.580
482.000000 70.575
487.000000 70.572
494.000000 70.568
500.000000 70.566
508.000000 70.561
515.000000 70.558
522.000000 70.558
530.000000 70.559
538.000000 70.558
545.000000 70.557
552.000000 70.557
560.000000 70.557
570.000000 70.558
580.000000 70.563
590.000000 70.571
600.000000 70.579
608.000000 70.585
615.000000 70.591
622.000000 70.598
630.000000 70.608
640.000000 70.621
650.000000 70.634
660.000000 70.649
670.000000 70.667
680.000000 70.687
690.000000 70.708
700.000000 70.733
710.000000 70.760
720.000000 70.787
730.000000 70.816
740.000000 70.848
750.000000 70.882
762.000000 70.921
775.000000 70.965
788.000000 71.015
800.000000 71.065
812.000000 71.118
825.000000 71.178
838.000000 71.242
850.000000 71.306
862.000000 71.371
875.000000 71.444
885.000000 71.502
900.000000 71.589
912.000000 71.660
925.000000 71.743
938.000000 71.836
950.000000 71.928
962.000000 72.021
975.000000 72.123
988.000000 72.225
1000.000000 72.320
1015.000000 72.439
1030.000000 72.561
1044.000000 72.675
1060.000000 72.808
1075.000000 72.933
1090.000000 73.057
1106.000000 73.188
1120.000000 73.302
1138.000000 73.446
1150.000000 73.539
1172.000000 73.707
1180.000000 73.767
1206.000000 73.959
1220.000000 74.062
1241.000000 74.216
1250.000000 74.282
1265.000000 74.389
1280.000000 74.493
1315.000000 74.730
1320.000000 74.764
1340.000000 74.892
1360.000000 75.015
1380.000000 75.138
1400.000000 75.260
1430.000000 75.440
1450.000000 75.557
1475.000000 75.703
1500.000000 75.845
1525.000000 75.983
1550.000000 76.119
1575.000000 76.255
1600.000000 76.394
1625.000000 76.532
1650.000000 76.670
1675.000000 76.807
1700.000000 76.945
1725.000000 77.086
1750.000000 77.229
1775.000000 77.372
1800.000000 77.518
1825.000000 77.665
1850.000000 77.816
1875.000000 77.969
1900.000000 78.123
1925.000000 78.277
1950.000000 78.435
1975.000000 78.594
2000.000000 78.751
2030.000000 78.937
2060.000000 79.118
2090.000000 79.294
2120.000000 79.461
2140.000000 79.566
2180.000000 79.766
2200.000000 79.860
2240.000000 80.040
2270.000000 80.166
2300.000000 80.284
2330.000000 80.394
2360.000000 80.494
2400.000000 80.614
2430.000000 80.692
2470.000000 80.781
2500.000000 80.837
2540.000000 80.899
2580.000000 80.952
2620.000000 80.995
2650.000000 81.016
2690.000000 81.029
2720.000000 81.024
2760.000000 80.996
2800.000000 80.946
2850.000000 80.862
2900.000000 80.759
2950.000000 80.642
3000.000000 80.514
3040.000000 80.406
3070.000000 80.324
3110.000000 80.213
3150.000000 80.102
3200.000000 79.966
3250.000000 79.838
3300.000000 79.726
3350.000000 79.633
3400.000000 79.556
3450.000000 79.484
3500.000000 79.405
3550.000000 79.312
3600.000000 79.207
3650.000000 79.096
3700.000000 78.987
3750.000000 78.882
3820.000000 78.741
3870.000000 78.648
3950.000000 78.514
4000.000000 78.446
4060.000000 78.387
4120.000000 78.347
4180.000000 78.319
4250.000000 78.277
4310.000000 78.221
4370.000000 78.147
4440.000000 78.048
4500.000000 77.962
4550.000000 77.891
4620.000000 77.793
4680.000000 77.708
4750.000000 77.610
4820.000000 77.515
4870.000000 77.448
4940.000000 77.353
5000.000000 77.265
5080.000000 77.137
5150.000000 77.018
5220.000000 76.898
5300.000000 76.753
5380.000000 76.590
5450.000000 76.424
5520.000000 76.239
5600.000000 76.017
5700.000000 75.734
5800.000000 75.444
5900.000000 75.146
6000.000000 74.847
6080.000000 74.613
6150.000000 74.414
6220.000000 74.224
6300.000000 74.024
6400.000000 73.801
6500.000000 73.593
6600.000000 73.390
6700.000000 73.197
6800.000000 73.024
6900.000000 72.876
7000.000000 72.754
7100.000000 72.657
7200.000000 72.583
7300.000000 72.523
7400.000000 72.455
7500.000000 72.338
7620.000000 72.072
7750.000000 71.542
7880.000000 70.691
8000.000000 69.804
8120.000000 69.080
8250.000000 68.674
8380.000000 68.742
8500.000000 69.105
8620.000000 69.620
8750.000000 70.272
8850.000000 70.818
9000.000000 71.703
9120.000000 72.465
9250.000000 73.330
9380.000000 74.205
9500.000000 74.975
9620.000000 75.648
9750.000000 76.185
9880.000000 76.440
10000.000000 76.385
10150.000000 75.935
10300.000000 75.146
10440.000000 74.218
10600.000000 73.070
10750.000000 72.010
10900.000000 71.033
11060.000000 70.135
11200.000000 69.521
11380.000000 69.055
11500.000000 68.992
11720.000000 69.377
11800.000000 69.637
12060.000000 70.666
12200.000000 71.230
12410.000000 72.009
12500.000000 72.321
12650.000000 72.847
12800.000000 73.424
13150.000000 75.176
13200.000000 75.466
13400.000000 76.628
13600.000000 77.548
13800.000000 77.938
14000.000000 77.676
14300.000000 76.125
14500.000000 74.569
14750.000000 72.552
15000.000000 70.801
15250.000000 69.354
15500.000000 67.954
15750.000000 66.190
16000.000000 63.845
16250.000000 60.767
16500.000000 57.267
16750.000000 54.536
17000.000000 53.441
17250.000000 53.486
17500.000000 53.922
17750.000000 54.373
18000.000000 54.756
18250.000000 55.077
18500.000000 55.349
18750.000000 55.583
19000.000000 55.789
19250.000000 55.962
19500.000000 56.096
19750.000000 56.180
20000.000000 56.187
20300.000000 56.105
