* REW测量的测量数据V5.20.13
* 来源: E:\GitHub\Kara2003.github.io\data\Moondrop DUSK Spring Tips L.txt
* 格式: Comma/Tab/Space delimited data
* 日期: 2024-10-6 12:12:01
* REW 设置:
* C计权补偿: 关
*  目标电平: 75.0 dB
* 注释: Measurement imported from E:\GitHub\Kara2003.github.io\data\Moondrop DUSK Spring Tips L.txt Format: Comma/Tab/Space delimited data 54559 values loaded, 20 Hz to 20,000 Hz
* 测量: Moondrop DUSK Spring Tips L
* 平滑: 1/24 倍频程
* 频率步进: 1/48 倍频程
* 起始频率: 20.300 Hz
*
* 频率(Hz) SPL(dB) 相位(角度)
20.299999 3.298 9.3093
20.600000 3.298 9.1522
20.900000 3.297 8.8427
21.200001 3.293 8.4802
21.400000 3.289 8.2268
21.799999 3.275 7.7120
22.000000 3.266 7.4574
22.400000 3.246 6.9563
22.700001 3.228 6.5843
23.000000 3.208 6.2118
23.299999 3.187 5.8345
23.600000 3.165 5.4499
24.000000 3.134 4.9235
24.299999 3.110 4.5195
24.700001 3.079 3.9725
25.000000 3.056 3.5595
25.400000 3.027 3.0105
25.799999 3.000 2.4704
26.200001 2.975 1.9465
26.500000 2.958 1.5670
26.900000 2.937 1.0793
27.200001 2.923 0.7249
27.600000 2.906 0.2630
28.000000 2.888 -0.1916
28.500000 2.865 -0.7517
29.000000 2.839 -1.2973
29.500000 2.810 -1.8210
30.000000 2.782 -2.3194
30.400000 2.759 -2.7014
30.700001 2.742 -2.9792
31.100000 2.720 -3.3395
31.500000 2.698 -3.6891
32.000000 2.670 -4.1150
32.500000 2.641 -4.5352
33.000000 2.612 -4.9550
33.500000 2.582 -5.3735
34.000000 2.552 -5.7859
34.500000 2.522 -6.1920
35.000000 2.493 -6.5997
35.500000 2.464 -7.0184
36.000000 2.435 -7.4484
36.500000 2.405 -7.8775
37.000000 2.375 -8.2887
37.500000 2.347 -8.6722
38.200001 2.310 -9.1667
38.700001 2.284 -9.5025
39.500000 2.240 -10.0357
40.000000 2.208 -10.3731
40.599998 2.167 -10.7809
41.200001 2.125 -11.1857
41.799999 2.086 -11.5822
42.500000 2.045 -12.0300
43.099998 2.012 -12.3954
43.700001 1.977 -12.7328
44.400002 1.932 -13.0822
45.000000 1.892 -13.3507
45.500000 1.860 -13.5678
46.200001 1.821 -13.8859
46.799999 1.791 -14.1807
47.500000 1.757 -14.5333
48.200001 1.721 -14.8637
48.700001 1.694 -15.0781
49.400002 1.656 -15.3617
50.000000 1.625 -15.6110
50.799999 1.584 -15.9731
51.500000 1.548 -16.3174
52.200001 1.512 -16.6787
53.000000 1.468 -17.0992
53.799999 1.423 -17.5121
54.500000 1.381 -17.8590
55.200001 1.338 -18.1905
56.000000 1.288 -18.5468
57.000000 1.227 -18.9525
58.000000 1.167 -19.3248
59.000000 1.107 -19.6876
60.000000 1.047 -20.0529
60.799999 0.999 -20.3442
61.500000 0.958 -20.5938
62.200001 0.919 -20.8352
63.000000 0.876 -21.1004
64.000000 0.821 -21.4182
65.000000 0.766 -21.7220
66.000000 0.710 -22.0099
67.000000 0.654 -22.2793
68.000000 0.598 -22.5336
69.000000 0.544 -22.7887
70.000000 0.490 -23.0637
71.000000 0.437 -23.3570
72.000000 0.386 -23.6449
73.000000 0.339 -23.9094
74.000000 0.294 -24.1507
75.000000 0.249 -24.3767
76.199997 0.192 -24.6407
77.500000 0.126 -24.9280
78.800003 0.058 -25.2111
80.000000 -0.002 -25.4634
81.199997 -0.062 -25.7126
82.500000 -0.127 -25.9834
83.800003 -0.192 -26.2454
85.000000 -0.253 -26.4658
86.199997 -0.314 -26.6605
87.500000 -0.380 -26.8542
88.500000 -0.432 -27.0051
90.000000 -0.513 -27.2484
91.199997 -0.577 -27.4536
92.500000 -0.645 -27.6762
93.800003 -0.711 -27.8894
95.000000 -0.770 -28.0645
96.199997 -0.830 -28.2051
97.500000 -0.893 -28.3174
98.800003 -0.955 -28.4019
100.000000 -1.010 -28.4689
101.500000 -1.077 -28.5509
103.000000 -1.143 -28.6430
104.400002 -1.204 -28.7429
106.000000 -1.273 -28.8647
107.500000 -1.334 -28.9754
109.000000 -1.395 -29.0758
110.599998 -1.461 -29.1639
112.000000 -1.523 -29.2273
113.800003 -1.620 -29.3187
115.000000 -1.702 -29.4066
117.199997 -1.899 -29.6452
118.000000 -1.976 -29.7451
120.599998 -2.138 -29.9674
122.000000 -2.147 -29.9793
124.099998 -2.125 -29.9201
125.000000 -2.125 -29.8915
126.500000 -2.145 -29.8527
128.000000 -2.183 -29.8210
131.500000 -2.294 -29.7266
132.000000 -2.309 -29.7053
134.000000 -2.373 -29.5890
136.000000 -2.438 -29.4137
138.000000 -2.505 -29.1528
140.000000 -2.571 -28.7884
143.000000 -2.668 -28.1901
145.000000 -2.734 -27.9110
147.500000 -2.812 -27.6899
150.000000 -2.875 -27.4334
152.500000 -2.915 -27.0499
155.000000 -2.932 -26.6125
157.500000 -2.938 -26.2387
160.000000 -2.948 -25.9706
162.500000 -2.974 -25.7812
165.000000 -3.018 -25.6494
167.500000 -3.074 -25.5937
170.000000 -3.131 -25.6179
172.500000 -3.185 -25.6746
175.000000 -3.235 -25.7100
177.500000 -3.281 -25.6993
180.000000 -3.326 -25.6430
182.500000 -3.371 -25.5587
185.000000 -3.415 -25.4641
187.500000 -3.456 -25.3646
190.000000 -3.496 -25.2615
192.500000 -3.537 -25.1612
195.000000 -3.579 -25.0689
197.500000 -3.620 -24.9806
200.000000 -3.658 -24.8862
203.000000 -3.701 -24.7502
206.000000 -3.741 -24.5804
209.000000 -3.780 -24.3887
212.000000 -3.819 -24.1975
214.000000 -3.845 -24.0751
218.000000 -3.891 -23.8282
220.000000 -3.910 -23.6981
224.000000 -3.945 -23.4352
227.000000 -3.967 -23.2491
230.000000 -3.989 -23.0792
233.000000 -4.010 -22.9324
236.000000 -4.031 -22.8136
240.000000 -4.058 -22.6878
243.000000 -4.078 -22.5994
247.000000 -4.105 -22.4666
250.000000 -4.127 -22.3520
254.000000 -4.160 -22.1902
258.000000 -4.195 -22.0288
262.000000 -4.227 -21.8535
265.000000 -4.249 -21.6920
269.000000 -4.273 -21.4261
272.000000 -4.288 -21.2013
276.000000 -4.301 -20.8959
280.000000 -4.305 -20.6064
285.000000 -4.299 -20.2803
290.000000 -4.286 -19.9960
295.000000 -4.270 -19.7721
300.000000 -4.258 -19.6384
304.000000 -4.253 -19.5881
307.000000 -4.251 -19.5671
311.000000 -4.251 -19.5444
315.000000 -4.254 -19.5156
320.000000 -4.261 -19.4576
325.000000 -4.269 -19.3643
330.000000 -4.273 -19.2321
335.000000 -4.270 -19.0669
340.000000 -4.261 -18.8833
345.000000 -4.245 -18.7007
350.000000 -4.223 -18.5382
355.000000 -4.194 -18.4169
360.000000 -4.161 -18.3569
365.000000 -4.127 -18.3714
370.000000 -4.095 -18.4609
375.000000 -4.069 -18.6106
382.000000 -4.043 -18.8753
387.000000 -4.032 -19.0743
395.000000 -4.026 -19.3733
400.000000 -4.028 -19.5364
406.000000 -4.035 -19.7005
412.000000 -4.042 -19.8332
418.000000 -4.049 -19.9496
425.000000 -4.056 -20.0812
431.000000 -4.062 -20.1876
437.000000 -4.069 -20.2821
444.000000 -4.080 -20.3832
450.000000 -4.090 -20.4700
455.000000 -4.097 -20.5415
462.000000 -4.106 -20.6328
468.000000 -4.112 -20.7023
475.000000 -4.115 -20.7753
482.000000 -4.116 -20.8336
487.000000 -4.116 -20.8626
494.000000 -4.116 -20.8921
500.000000 -4.116 -20.9194
508.000000 -4.115 -20.9755
515.000000 -4.114 -21.0460
522.000000 -4.111 -21.1312
530.000000 -4.108 -21.2386
538.000000 -4.107 -21.3516
545.000000 -4.106 -21.4522
552.000000 -4.107 -21.5513
560.000000 -4.109 -21.6589
570.000000 -4.111 -21.7847
580.000000 -4.115 -21.9033
590.000000 -4.118 -22.0125
600.000000 -4.119 -22.1057
608.000000 -4.119 -22.1670
615.000000 -4.118 -22.2136
622.000000 -4.117 -22.2572
630.000000 -4.115 -22.3064
640.000000 -4.110 -22.3678
650.000000 -4.102 -22.4276
660.000000 -4.092 -22.4845
670.000000 -4.081 -22.5388
680.000000 -4.070 -22.5913
690.000000 -4.058 -22.6434
700.000000 -4.044 -22.6964
710.000000 -4.029 -22.7499
720.000000 -4.012 -22.8014
730.000000 -3.995 -22.8499
740.000000 -3.977 -22.8984
750.000000 -3.956 -22.9507
762.000000 -3.931 -23.0202
775.000000 -3.902 -23.1036
788.000000 -3.870 -23.1918
800.000000 -3.837 -23.2704
812.000000 -3.801 -23.3434
825.000000 -3.758 -23.4221
838.000000 -3.715 -23.5084
850.000000 -3.683 -23.5907
862.000000 -3.678 -23.5783
875.000000 -3.735 -22.9679
885.000000 -3.802 -21.4920
900.000000 -3.801 -16.9872
912.000000 -3.627 -11.7903
925.000000 -3.343 -5.6656
938.000000 -3.118 -0.1659
950.000000 -3.033 3.6188
962.000000 -3.032 5.9347
975.000000 -3.046 7.1318
988.000000 -3.031 7.6046
1000.000000 -2.991 7.8015
1015.000000 -2.923 7.9484
1030.000000 -2.848 8.0547
1044.000000 -2.776 8.1297
1060.000000 -2.693 8.1849
1075.000000 -2.616 8.2089
1090.000000 -2.538 8.2111
1106.000000 -2.455 8.1911
1120.000000 -2.383 8.1551
1138.000000 -2.291 8.0858
1150.000000 -2.232 8.0268
1172.000000 -2.126 7.8941
1180.000000 -2.088 7.8387
1206.000000 -1.970 7.6327
1220.000000 -1.908 7.5072
1241.000000 -1.817 7.3056
1250.000000 -1.779 7.2157
1265.000000 -1.718 7.0617
1280.000000 -1.658 6.9020
1315.000000 -1.524 6.5138
1320.000000 -1.506 6.4584
1340.000000 -1.435 6.2408
1360.000000 -1.368 6.0285
1380.000000 -1.303 5.8180
1400.000000 -1.240 5.6088
1430.000000 -1.153 5.3030
1450.000000 -1.098 5.1056
1475.000000 -1.032 4.8641
1500.000000 -0.971 4.6268
1525.000000 -0.914 4.3974
1550.000000 -0.860 4.1823
1575.000000 -0.807 3.9818
1600.000000 -0.755 3.7892
1625.000000 -0.706 3.5982
1650.000000 -0.657 3.4077
1675.000000 -0.610 3.2204
1700.000000 -0.565 3.0377
1725.000000 -0.521 2.8603
1750.000000 -0.476 2.6888
1775.000000 -0.430 2.5211
1800.000000 -0.382 2.3525
1825.000000 -0.332 2.1783
1850.000000 -0.280 1.9971
1875.000000 -0.227 1.8099
1900.000000 -0.172 1.6193
1925.000000 -0.116 1.4289
1950.000000 -0.057 1.2416
1975.000000 0.003 1.0567
2000.000000 0.066 0.8690
2030.000000 0.144 0.6306
2060.000000 0.225 0.3707
2090.000000 0.307 0.0893
2120.000000 0.391 -0.2094
2140.000000 0.448 -0.4169
2180.000000 0.562 -0.8552
2200.000000 0.620 -1.0869
2240.000000 0.735 -1.5757
2270.000000 0.820 -1.9661
2300.000000 0.906 -2.3789
2330.000000 0.990 -2.8156
2360.000000 1.074 -3.2774
2400.000000 1.182 -3.9333
2430.000000 1.261 -4.4546
2470.000000 1.362 -5.1867
2500.000000 1.435 -5.7634
2540.000000 1.529 -6.5697
2580.000000 1.617 -7.4164
2620.000000 1.701 -8.3002
2650.000000 1.760 -8.9869
2690.000000 1.834 -9.9343
2720.000000 1.884 -10.6674
2760.000000 1.944 -11.6731
2800.000000 1.995 -12.7085
2850.000000 2.047 -14.0344
2900.000000 2.089 -15.3803
2950.000000 2.121 -16.7390
3000.000000 2.139 -18.1025
3040.000000 2.142 -19.1848
3070.000000 2.138 -19.9865
3110.000000 2.127 -21.0401
3150.000000 2.110 -22.0755
3200.000000 2.080 -23.3424
3250.000000 2.041 -24.5722
3300.000000 1.996 -25.7554
3350.000000 1.945 -26.8868
3400.000000 1.887 -27.9656
3450.000000 1.823 -28.9921
3500.000000 1.755 -29.9649
3550.000000 1.683 -30.8816
3600.000000 1.610 -31.7397
3650.000000 1.536 -32.5389
3700.000000 1.462 -33.2836
3750.000000 1.387 -33.9782
3820.000000 1.282 -34.8670
3870.000000 1.209 -35.4432
3950.000000 1.097 -36.2795
4000.000000 1.028 -36.7622
4060.000000 0.946 -37.3080
4120.000000 0.867 -37.8158
4180.000000 0.791 -38.2864
4250.000000 0.710 -38.7963
4310.000000 0.646 -39.2090
4370.000000 0.588 -39.6090
4440.000000 0.526 -40.0723
4500.000000 0.479 -40.4742
4550.000000 0.442 -40.8170
4620.000000 0.396 -41.3197
4680.000000 0.359 -41.7833
4750.000000 0.318 -42.3731
4820.000000 0.276 -43.0222
4870.000000 0.244 -43.5239
4940.000000 0.191 -44.2772
5000.000000 0.136 -44.9603
5080.000000 0.047 -45.8917
5150.000000 -0.046 -46.6860
5220.000000 -0.151 -47.4286
5300.000000 -0.284 -48.1949
5380.000000 -0.423 -48.8712
5450.000000 -0.548 -49.3981
5520.000000 -0.673 -49.8788
5600.000000 -0.815 -50.3906
5700.000000 -0.992 -50.9993
5800.000000 -1.171 -51.5954
5900.000000 -1.356 -52.1921
6000.000000 -1.553 -52.7942
6080.000000 -1.724 -53.2728
6150.000000 -1.890 -53.6686
6220.000000 -2.073 -54.0069
6300.000000 -2.309 -54.2535
6400.000000 -2.640 -54.2009
6500.000000 -2.994 -53.5696
6600.000000 -3.331 -52.2696
6700.000000 -3.604 -50.3837
6800.000000 -3.775 -48.1451
6900.000000 -3.836 -45.8302
7000.000000 -3.798 -43.6516
7100.000000 -3.682 -41.7217
7200.000000 -3.506 -40.0821
7300.000000 -3.283 -38.7471
7400.000000 -3.022 -37.7266
7500.000000 -2.726 -37.0418
7620.000000 -2.333 -36.7280
7750.000000 -1.883 -37.1317
7880.000000 -1.443 -38.3994
8000.000000 -1.080 -40.2841
8120.000000 -0.767 -42.6454
8250.000000 -0.450 -45.5386
8380.000000 -0.123 -49.0854
8500.000000 0.103 -53.5289
8620.000000 0.109 -58.9157
8750.000000 -0.181 -64.5921
8850.000000 -0.544 -68.2697
9000.000000 -1.191 -72.7298
9120.000000 -1.774 -75.5186
9250.000000 -2.469 -77.5963
9380.000000 -3.189 -78.6251
9500.000000 -3.824 -78.8206
9620.000000 -4.400 -78.5457
9750.000000 -4.946 -77.9634
9880.000000 -5.418 -77.2665
10000.000000 -5.801 -76.6187
10150.000000 -6.228 -75.8710
10300.000000 -6.616 -75.2223
10440.000000 -6.959 -74.7196
10600.000000 -7.339 -74.2796
10750.000000 -7.700 -73.9861
10900.000000 -8.080 -73.7462
11060.000000 -8.521 -73.4189
11200.000000 -8.939 -72.9387
11380.000000 -9.511 -71.8843
11500.000000 -9.902 -70.8542
11720.000000 -10.600 -68.3015
11800.000000 -10.840 -67.1900
12060.000000 -11.542 -63.0764
12200.000000 -11.866 -60.6150
12410.000000 -12.281 -56.6822
12500.000000 -12.433 -54.9249
12650.000000 -12.651 -51.9169
12800.000000 -12.825 -48.8206
13150.000000 -13.058 -41.2828
13200.000000 -13.071 -40.1748
13400.000000 -13.071 -35.6913
13600.000000 -12.985 -31.1692
13800.000000 -12.811 -26.6835
14000.000000 -12.552 -22.4080
14300.000000 -12.025 -17.4563
14500.000000 -11.618 -16.3839
14750.000000 -11.122 -18.3932
15000.000000 -10.701 -21.2562
15250.000000 -10.352 -18.9937
15500.000000 -9.977 -8.6426
15750.000000 -9.351 8.0587
16000.000000 -8.281 27.7665
16250.000000 -6.824 47.4554
16500.000000 -5.215 64.7957
16750.000000 -3.711 78.1267
17000.000000 -2.546 86.5374
17250.000000 -1.910 90.3068
17500.000000 -1.922 91.2607
17750.000000 -2.611 92.1687
18000.000000 -3.914 95.3312
18250.000000 -5.703 101.6603
18500.000000 -7.811 110.8093
18750.000000 -10.062 121.7269
19000.000000 -12.292 133.1465
19250.000000 -14.376 143.9405
19500.000000 -16.217 153.2063
19750.000000 -17.676 160.0301
